# DESCRIPTION: Verilator output: Timestamp data for --skip-identical.  Delete at will.
C "-cc riscv_core.sv"
S   7892640    29901  1721882708   475583668  1598506306           0 "/usr/bin/verilator_bin"
S      2780    53538  1723018431    60918503  1723018431    60918503 "apu_core_package.sv"
S      3434    53539  1723018439   360918384  1723018439   360918384 "apu_macros.sv"
S      2733    53540  1723018446   520918282  1723018446   520918282 "cf_math_pkg.sv"
S      1052    54936  1723018525   480917153  1723018525   480917153 "cluster_clock_gating.sv"
S     17170    53542  1723018456   520918139  1723018456   520918139 "fpnew_pkg.sv"
T    656993    54943  1723018529   770917092  1723018529   770917092 "obj_dir/Vriscv_core.cpp"
T     41473    54940  1723018529   730917092  1723018529   730917092 "obj_dir/Vriscv_core.h"
T      1452    54946  1723018529   780917092  1723018529   780917092 "obj_dir/Vriscv_core.mk"
T    600466    54944  1723018529   780917092  1723018529   780917092 "obj_dir/Vriscv_core__1.cpp"
T    599287    54942  1723018529   760917092  1723018529   760917092 "obj_dir/Vriscv_core__1__Slow.cpp"
T    735816    54941  1723018529   750917092  1723018529   750917092 "obj_dir/Vriscv_core__Slow.cpp"
T       564    54938  1723018529   730917092  1723018529   730917092 "obj_dir/Vriscv_core__Syms.cpp"
T       816    54939  1723018529   730917092  1723018529   730917092 "obj_dir/Vriscv_core__Syms.h"
T       834    54947  1723018529   780917092  1723018529   780917092 "obj_dir/Vriscv_core__ver.d"
T         0        0  1723018529   780917092  1723018529   780917092 "obj_dir/Vriscv_core__verFiles.dat"
T      1608    54945  1723018529   780917092  1723018529   780917092 "obj_dir/Vriscv_core_classes.mk"
S      6134    54935  1723018515   320917298  1723018515   320917298 "register_file_test_wrap.sv"
S     44777    23505  1723018414   150918745  1723018414   150918745 "riscv_alu.sv"
S      7275    53519  1723018414   150918745  1723018414   150918745 "riscv_alu_div.sv"
S     12581    53520  1723018414   150918745  1723018414   150918745 "riscv_compressed_decoder.sv"
S      1915    53521  1723018414   150918745  1723018414   150918745 "riscv_config.sv"
S     39849    53522  1723018414   150918745  1723018414   150918745 "riscv_controller.sv"
S     50249    53523  1723018414   150918745  1723018414   150918745 "riscv_core.sv"
S     52210    53524  1723018414   150918745  1723018414   150918745 "riscv_cs_registers.sv"
S    105909    53525  1723018414   150918745  1723018414   150918745 "riscv_decoder.sv"
S     18289    53526  1723018414   150918745  1723018414   150918745 "riscv_defines.v"
S     21971    53527  1723018414   150918745  1723018414   150918745 "riscv_ex_stage.sv"
S      9782    53528  1723018414   150918745  1723018414   150918745 "riscv_fetch_fifo.sv"
S      3565    53529  1723018414   150918745  1723018414   150918745 "riscv_hwloop_controller.sv"
S      5065    53530  1723018414   150918745  1723018414   150918745 "riscv_hwloop_regs.sv"
S     65562    53531  1723018414   150918745  1723018414   150918745 "riscv_id_stage.sv"
S     14901    53532  1723018414   150918745  1723018414   150918745 "riscv_if_stage.sv"
S      4219    53533  1723018414   150918745  1723018414   150918745 "riscv_int_controller.sv"
S     12562    53534  1723018414   150918745  1723018414   150918745 "riscv_load_store_unit.sv"
S     14470    53535  1723018414   150918745  1723018414   150918745 "riscv_mult.sv"
S     13168    53536  1723018414   150918745  1723018414   150918745 "riscv_prefetch_buffer.sv"
S      6554    53537  1723018414   150918745  1723018414   150918745 "riscv_register_file.sv"
