# DESCRIPTION: Verilator output: Timestamp data for --skip-identical.  Delete at will.
C "-cc axi_node_intf_wrap.sv"
S   7892640   147952  1723453678    53903457  1598506306           0 "/usr/bin/verilator_bin"
S      8093   147579  1723443457    27601765  1723023161   890850900 "axi_AR_allocator.sv"
S      8954   147627  1723443457   337601686  1723023161   890850900 "axi_AW_allocator.sv"
S     14551   147597  1723443457   147601735  1723023161   890850900 "axi_ArbitrationTree.sv"
S     14022   147593  1723443457   117601742  1723023161   890850900 "axi_BR_allocator.sv"
S     11182   147617  1723443457   277601702  1723023161   890850900 "axi_BW_allocator.sv"
S     10534   147659  1723443457   527601636  1723023161   890850900 "axi_DW_allocator.sv"
S      5641   147589  1723443457    97601748  1723023161   890850900 "axi_FanInPrimitive_Req.sv"
S      3919    48692  1724395248   881716499  1724395248   881716499 "axi_RR_Flag_Req.sv"
S      9101   147641  1723443457   427601663  1723023161   890850900 "axi_address_decoder_AR.sv"
S     10542   147611  1723443457   237601712  1723023161   890850900 "axi_address_decoder_AW.sv"
S      4441   147629  1723443457   347601682  1723023161   890850900 "axi_address_decoder_BR.sv"
S      4337   147649  1723443457   467601653  1723023161   890850900 "axi_address_decoder_BW.sv"
S      5686   147655  1723443457   507601642  1723023161   890850900 "axi_address_decoder_DW.sv"
S      2559      477  1724137898   206056818  1724137898   206056818 "axi_master_if.sv"
S      3537   147603  1723443457   187601725  1723023161   890850900 "axi_multiplexer.sv"
S     35492   147607  1723443457   217601715  1723023161   890850900 "axi_node.sv"
S     26953    29318  1724395200    31719862  1724395200    21719862 "axi_node_intf_wrap.sv"
S     18568   147581  1723443457    37601761  1723023161   890850900 "axi_request_block.sv"
S     16636   147587  1723443457    77601751  1723023161   890850900 "axi_response_block.sv"
S      2560   136071  1724138333   946030138  1724138333   936030138 "axi_slave_if.sv"
S      1078   147623  1723443457   317601691  1723023191   170850500 "config.sv"
S      3513    29297  1724148962   505249047  1724148962   505249047 "fifo_v2.sv"
S      6429    29321  1724149001    35247271  1724149001    35247271 "fifo_v3.sv"
T      4033    27225  1724395250   351716440  1724395250   351716440 "obj_dir/Vaxi_node_intf_wrap.cpp"
T      4268    27223  1724395250   331716441  1724395250   331716441 "obj_dir/Vaxi_node_intf_wrap.h"
T      1492    27241  1724395250   351716440  1724395250   351716440 "obj_dir/Vaxi_node_intf_wrap.mk"
T      3382    27224  1724395250   351716440  1724395250   351716440 "obj_dir/Vaxi_node_intf_wrap__Slow.cpp"
T      4915    27133  1724395250   331716441  1724395250   331716441 "obj_dir/Vaxi_node_intf_wrap__Syms.cpp"
T      2125    27221  1724395250   331716441  1724395250   331716441 "obj_dir/Vaxi_node_intf_wrap__Syms.h"
T      1129    27122  1724395250   351716440  1724395250   351716440 "obj_dir/Vaxi_node_intf_wrap__ver.d"
T         0        0  1724395250   351716440  1724395250   351716440 "obj_dir/Vaxi_node_intf_wrap__verFiles.dat"
T       261    27230  1724395250   351716440  1724395250   351716440 "obj_dir/Vaxi_node_intf_wrap_axi_request_block__pi1.cpp"
T      3099    27226  1724395250   351716440  1724395250   351716440 "obj_dir/Vaxi_node_intf_wrap_axi_request_block__pi1.h"
T      3646    27227  1724395250   351716440  1724395250   351716440 "obj_dir/Vaxi_node_intf_wrap_axi_request_block__pi1__Slow.cpp"
T       262    27238  1724395250   351716440  1724395250   351716440 "obj_dir/Vaxi_node_intf_wrap_axi_response_block__pi2.cpp"
T      2392    27233  1724395250   351716440  1724395250   351716440 "obj_dir/Vaxi_node_intf_wrap_axi_response_block__pi2.h"
T      2737    27234  1724395250   351716440  1724395250   351716440 "obj_dir/Vaxi_node_intf_wrap_axi_response_block__pi2__Slow.cpp"
T      1796    27240  1724395250   351716440  1724395250   351716440 "obj_dir/Vaxi_node_intf_wrap_classes.mk"
